Type	POS	Headword	Rank	Freq_Tar	Freq_Ref	Range_Tar	Range_Ref	NormFreq_Tar	NormFreq_Ref	NormRange_Tar	NormRange_Ref	Keyness (Likelihood)	Keyness (Effect)
啊	None	None	1	3506	635	10	4	21018.177	7115.563	1.000	1.000	806.277	0.041
嗯	None	None	2	1313	101	9	4	7871.325	1131.767	0.900	1.000	613.178	0.016
哎呀	None	None	3	524	3	10	2	3141.336	33.617	1.000	0.500	418.987	0.006
朋友	None	None	4	523	5	10	1	3135.341	56.028	1.000	0.250	402.781	0.006
呢	None	None	5	940	107	10	4	5635.221	1199.000	1.000	1.000	341.563	0.011
人	None	None	6	783	90	10	4	4694.019	1008.505	1.000	1.000	282.220	0.009
能	None	None	7	623	56	10	4	3734.833	627.514	1.000	1.000	265.837	0.007
听	None	None	8	502	31	10	4	3009.448	347.374	1.000	1.000	259.480	0.006
山西	None	None	9	297	0	8	0	1780.490	0.000	0.800	0.000	254.729	0.004
里头	None	None	10	291	0	9	0	1744.521	0.000	0.900	0.000	249.579	0.003
吧	None	None	11	1274	270	10	4	7637.523	3025.515	1.000	1.000	230.935	0.015
单	None	None	12	317	5	10	2	1900.388	56.028	1.000	0.500	230.850	0.004
那	None	None	13	900	150	10	4	5395.425	1680.842	1.000	1.000	227.115	0.011
啥	None	None	14	287	2	10	1	1720.541	22.411	1.000	0.250	226.478	0.003
呀	None	None	15	548	54	10	4	3285.214	605.103	1.000	1.000	220.495	0.007
吃	None	None	16	859	147	10	3	5149.633	1647.225	1.000	0.750	209.965	0.010
未	None	None	17	340	14	10	4	2038.272	156.879	1.000	1.000	203.230	0.004
孩子	None	None	18	233	0	10	0	1396.816	0.000	1.000	0.000	199.806	0.003
欸	None	None	19	199	0	8	0	1192.988	0.000	0.800	0.000	170.636	0.002
其实	None	None	20	427	50	10	4	2559.829	560.281	1.000	1.000	151.481	0.005
写	None	None	21	244	9	9	4	1462.760	100.851	0.900	1.000	150.474	0.003
里	None	None	22	260	12	10	2	1558.678	134.467	1.000	0.500	149.884	0.003
没	None	None	23	648	116	10	4	3884.706	1299.851	1.000	1.000	149.557	0.008
得	None	None	24	425	51	10	4	2547.839	571.486	1.000	1.000	147.829	0.005
刚才	None	None	25	186	2	10	2	1115.054	22.411	1.000	0.500	141.545	0.002
老师	None	None	26	226	8	8	2	1354.851	89.645	0.800	0.500	140.914	0.003
着	None	None	27	364	39	10	4	2182.150	437.019	1.000	1.000	138.101	0.004
叫	None	None	28	312	28	10	4	1870.414	313.757	1.000	1.000	133.121	0.004
后来	None	None	29	166	2	10	2	995.156	22.411	1.000	0.500	124.842	0.002
当时	None	None	30	183	5	9	3	1097.070	56.028	0.900	0.750	121.308	0.002
清	None	None	31	212	12	10	4	1270.922	134.467	1.000	1.000	113.479	0.003
他	None	None	32	1087	307	10	4	6516.474	3440.123	1.000	1.000	109.512	0.013
咱	None	None	33	126	0	8	0	755.359	0.000	0.800	0.000	108.022	0.002
挺	None	None	34	142	2	9	2	851.278	22.411	0.900	0.500	104.879	0.002
醋	None	None	35	112	0	6	0	671.431	0.000	0.600	0.000	96.016	0.001
有人	None	None	36	145	4	10	3	869.263	44.822	1.000	0.750	95.911	0.002
别	None	None	36	145	4	10	1	869.263	44.822	1.000	0.250	95.911	0.002
讲	None	None	38	200	16	10	4	1198.983	179.290	1.000	1.000	91.129	0.002
羊	None	None	39	104	0	8	0	623.471	0.000	0.800	0.000	89.156	0.001
过	None	None	40	502	108	10	4	3009.448	1210.206	1.000	1.000	88.493	0.006
小时候	None	None	41	100	0	9	0	599.492	0.000	0.900	0.000	85.726	0.001
斤	None	None	42	118	2	10	1	707.400	22.411	1.000	0.250	85.032	0.001
牛肉	None	None	43	98	0	10	0	587.502	0.000	1.000	0.000	84.011	0.001
啧	None	None	44	185	15	9	4	1109.060	168.084	0.900	1.000	83.673	0.002
咋	None	None	45	92	0	9	0	551.532	0.000	0.900	0.000	78.866	0.001
书	None	None	46	102	1	7	1	611.481	11.206	0.700	0.250	78.288	0.001
理解	None	None	47	91	0	10	0	545.537	0.000	1.000	0.000	78.009	0.001
王维	None	None	48	90	0	4	0	539.542	0.000	0.400	0.000	77.151	0.001
对	None	None	49	1765	638	10	4	10581.027	7149.180	1.000	1.000	76.935	0.021
朋友们	None	None	50	89	0	10	0	533.548	0.000	1.000	0.000	76.294	0.001
之	None	None	51	106	2	9	2	635.461	22.411	0.900	0.500	75.167	0.001
从	None	None	52	168	14	10	3	1007.146	156.879	1.000	0.750	74.826	0.002
中	None	None	53	125	6	10	3	749.365	67.234	1.000	0.750	71.085	0.001
你	None	None	54	4130	1750	10	4	24759.004	19609.821	1.000	1.000	70.415	0.048
董宇辉	None	None	55	81	0	10	0	485.588	0.000	1.000	0.000	69.435	0.001
俞	None	None	56	75	0	6	0	449.619	0.000	0.600	0.000	64.291	0.001
碗	None	None	57	85	1	9	1	509.568	11.206	0.900	0.250	64.075	0.001
在	None	None	58	1449	523	10	4	8686.634	5860.535	1.000	1.000	63.484	0.017
俩	None	None	59	74	0	9	0	443.624	0.000	0.900	0.000	63.433	0.001
咱们	None	None	60	84	1	9	1	503.573	11.206	0.900	0.250	63.241	0.001
酒	None	None	60	84	1	8	1	503.573	11.206	0.800	0.250	63.241	0.001
券儿	None	None	62	72	0	8	0	431.634	0.000	0.800	0.000	61.718	0.001
能够	None	None	62	72	0	9	0	431.634	0.000	0.900	0.000	61.718	0.001
翻译	None	None	62	72	0	7	0	431.634	0.000	0.700	0.000	61.718	0.001
但	None	None	65	204	29	10	4	1222.963	324.963	1.000	1.000	60.931	0.002
煮	None	None	66	71	0	8	0	425.639	0.000	0.800	0.000	60.861	0.001
节目	None	None	67	88	2	4	1	527.553	22.411	0.400	0.250	60.470	0.001
历史	None	None	68	79	1	8	1	473.598	11.206	0.800	0.250	59.076	0.001
配料	None	None	69	77	1	9	1	461.609	11.206	0.900	0.250	57.412	0.001
所	None	None	70	95	4	9	3	569.517	44.822	0.900	0.750	56.361	0.001
人生	None	None	71	82	2	8	1	491.583	22.411	0.800	0.250	55.604	0.001
几	None	None	72	205	32	10	4	1228.958	358.580	1.000	1.000	55.578	0.002
当然	None	None	73	127	11	10	3	761.354	123.262	1.000	0.750	55.313	0.002
辣子	None	None	74	64	0	4	0	383.675	0.000	0.400	0.000	54.860	0.001
卖	None	None	75	296	62	10	4	1774.495	694.748	1.000	1.000	54.450	0.004
确实	None	None	76	142	15	10	3	851.278	168.084	1.000	0.750	54.384	0.002
地	None	None	77	124	11	10	3	743.370	123.262	1.000	0.750	53.245	0.001
提到	None	None	78	62	0	9	0	371.685	0.000	0.900	0.000	53.145	0.001
宇辉	None	None	78	62	0	8	0	371.685	0.000	0.800	0.000	53.145	0.001
家里	None	None	80	147	17	9	4	881.253	190.495	0.900	1.000	52.611	0.002
种	None	None	81	202	33	10	4	1210.973	369.785	1.000	1.000	52.036	0.002
呃	None	None	82	420	110	7	4	2517.865	1232.617	0.700	1.000	50.614	0.005
导演	None	None	83	58	0	10	0	347.705	0.000	1.000	0.000	49.716	0.001
抖音	None	None	83	58	0	10	0	347.705	0.000	1.000	0.000	49.716	0.001
甚至	None	None	85	57	0	9	0	341.710	0.000	0.900	0.000	48.859	0.001
当地	None	None	85	57	0	9	0	341.710	0.000	0.900	0.000	48.859	0.001
小米	None	None	87	56	0	6	0	335.715	0.000	0.600	0.000	48.001	0.001
世界	None	None	87	56	0	10	0	335.715	0.000	1.000	0.000	48.001	0.001
有时候	None	None	87	56	0	9	0	335.715	0.000	0.900	0.000	48.001	0.001
刚	None	None	90	116	11	10	3	695.410	123.262	1.000	0.750	47.789	0.001
这些	None	None	91	157	22	10	4	941.202	246.523	1.000	1.000	47.545	0.002
您	None	None	92	72	2	7	2	431.634	22.411	0.700	0.500	47.544	0.001
也	None	None	93	1121	408	10	4	6720.301	4571.890	1.000	1.000	47.191	0.013
弄	None	None	94	71	2	9	1	425.639	22.411	0.900	0.250	46.742	0.001
重要	None	None	95	96	7	9	2	575.512	78.439	0.900	0.500	45.891	0.001
其他	None	None	95	96	7	10	3	575.512	78.439	1.000	0.750	45.891	0.001
这两天	None	None	97	63	1	9	1	377.680	11.206	0.900	0.250	45.808	0.001
汾酒	None	None	98	53	0	4	0	317.731	0.000	0.400	0.000	45.430	0.001
英语	None	None	98	53	0	7	0	317.731	0.000	0.700	0.000	45.430	0.001
走	None	None	100	104	9	9	2	623.471	100.851	0.900	0.500	45.315	0.001
点儿	None	None	101	52	0	9	0	311.736	0.000	0.900	0.000	44.572	0.001
鸡蛋	None	None	102	79	4	7	1	473.598	44.822	0.700	0.250	44.086	0.001
价钱	None	None	103	51	0	6	0	305.741	0.000	0.600	0.000	43.715	0.001
一些	None	None	104	258	57	10	4	1546.688	638.720	1.000	1.000	43.441	0.003
读	None	None	105	60	1	9	1	359.695	11.206	0.900	0.250	43.333	0.001
与	None	None	106	50	0	9	0	299.746	0.000	0.900	0.000	42.858	0.001
应该	None	None	107	242	52	10	4	1450.770	582.692	1.000	1.000	42.699	0.003
本书	None	None	108	49	0	6	0	293.751	0.000	0.600	0.000	42.001	0.001
哈	None	None	109	76	4	9	1	455.614	44.822	0.900	0.250	41.815	0.001
所以	None	None	110	682	227	10	4	4088.533	2543.674	1.000	1.000	41.401	0.008
炒	None	None	111	48	0	9	0	287.756	0.000	0.900	0.000	41.143	0.001
杜甫	None	None	111	48	0	7	0	287.756	0.000	0.700	0.000	41.143	0.001
米	None	None	113	69	3	10	1	413.649	33.617	1.000	0.250	40.528	0.001
和	None	None	114	262	61	10	4	1570.668	683.542	1.000	1.000	40.160	0.003
行	None	None	115	207	42	10	4	1240.948	470.636	1.000	1.000	40.001	0.002
想	None	None	116	352	95	10	4	2110.211	1064.533	1.000	1.000	39.556	0.004
说明	None	None	117	45	0	9	0	269.771	0.000	0.900	0.000	38.572	0.001
东方	None	None	117	45	0	5	0	269.771	0.000	0.500	0.000	38.572	0.001
熟	None	None	117	45	0	8	0	269.771	0.000	0.800	0.000	38.572	0.001
都	None	None	120	1220	470	10	4	7313.798	5266.638	1.000	1.000	38.526	0.014
人类	None	None	121	54	1	7	1	323.725	11.206	0.700	0.250	38.398	0.001
有	None	None	122	1742	712	10	4	10443.144	7978.396	1.000	1.000	38.306	0.021
需要	None	None	123	218	47	10	3	1306.892	526.664	1.000	0.750	38.248	0.003
嗯嗯	None	None	124	44	0	7	0	263.776	0.000	0.700	0.000	37.714	0.001
肯定	None	None	125	84	7	9	4	503.573	78.439	0.900	1.000	37.403	0.001
段	None	None	126	70	4	10	3	419.644	44.822	1.000	0.750	37.312	0.001
香	None	None	127	59	2	7	1	353.700	22.411	0.700	0.250	37.184	0.001
椰子	None	None	128	43	0	1	0	257.781	0.000	0.100	0.000	36.857	0.001
评论区	None	None	128	43	0	8	0	257.781	0.000	0.800	0.000	36.857	0.001
为啥	None	None	128	43	0	8	0	257.781	0.000	0.800	0.000	36.857	0.001
现场	None	None	131	58	2	5	1	347.705	22.411	0.500	0.250	36.394	0.001
当	None	None	132	73	5	9	3	437.629	56.028	0.900	0.750	35.968	0.001
唱	None	None	133	62	3	7	2	371.685	33.617	0.700	0.500	35.154	0.001
估计	None	None	134	41	0	7	0	245.792	0.000	0.700	0.000	35.143	0.000
爸	None	None	134	41	0	9	0	245.792	0.000	0.900	0.000	35.143	0.000
好多	None	None	136	100	12	9	3	599.492	134.467	0.900	0.750	34.742	0.001
前	None	None	137	128	20	10	3	767.349	224.112	1.000	0.750	34.655	0.002
突然	None	None	138	49	1	9	1	293.751	11.206	0.900	0.250	34.304	0.001
听清	None	None	138	49	1	7	1	293.751	11.206	0.700	0.250	34.304	0.001
年	None	None	140	124	19	10	4	743.370	212.907	1.000	1.000	34.289	0.001
羊肉	None	None	141	40	0	7	0	239.797	0.000	0.700	0.000	34.285	0.000
味儿	None	None	141	40	0	6	0	239.797	0.000	0.600	0.000	34.285	0.000
锅	None	None	141	40	0	8	0	239.797	0.000	0.800	0.000	34.285	0.000
肝儿	None	None	141	40	0	1	0	239.797	0.000	0.100	0.000	34.285	0.000
时间	None	None	145	139	24	10	4	833.293	268.935	1.000	1.000	33.510	0.002
一会儿	None	None	146	90	10	9	2	539.542	112.056	0.900	0.500	33.209	0.001
酸	None	None	147	59	3	6	1	353.700	33.617	0.600	0.250	32.873	0.001
以	None	None	148	47	1	9	1	281.761	11.206	0.900	0.250	32.672	0.001
山西人	None	None	149	38	0	5	0	227.807	0.000	0.500	0.000	32.571	0.000
绿豆	None	None	149	38	0	3	0	227.807	0.000	0.300	0.000	32.571	0.000
欢迎	None	None	151	77	7	8	3	461.609	78.439	0.800	0.750	32.569	0.001
中间	None	None	152	53	2	8	1	317.731	22.411	0.800	0.250	32.462	0.001
影响	None	None	153	46	1	8	1	275.766	11.206	0.800	0.250	31.858	0.001
感谢	None	None	153	46	1	6	1	275.766	11.206	0.600	0.250	31.858	0.001
陕西	None	None	155	37	0	9	0	221.812	0.000	0.900	0.000	31.714	0.000
经历	None	None	155	37	0	8	0	221.812	0.000	0.800	0.000	31.714	0.000
其中	None	None	155	37	0	6	0	221.812	0.000	0.600	0.000	31.714	0.000
智慧	None	None	155	37	0	7	0	221.812	0.000	0.700	0.000	31.714	0.000
首	None	None	159	52	2	9	1	311.736	22.411	0.900	0.250	31.679	0.001
剩	None	None	160	45	1	9	1	269.771	11.206	0.900	0.250	31.044	0.001
武则天	None	None	161	36	0	1	0	215.817	0.000	0.100	0.000	30.857	0.000
当年	None	None	161	36	0	9	0	215.817	0.000	0.900	0.000	30.857	0.000
饭	None	None	161	36	0	10	0	215.817	0.000	1.000	0.000	30.857	0.000
长安	None	None	161	36	0	4	0	215.817	0.000	0.400	0.000	30.857	0.000
掌声	None	None	165	44	1	3	1	263.776	11.206	0.300	0.250	30.231	0.001
尝	None	None	165	44	1	7	1	263.776	11.206	0.700	0.250	30.231	0.001
啊啊	None	None	167	65	5	9	3	389.670	56.028	0.900	0.750	30.230	0.001
哎哟	None	None	168	35	0	6	0	209.822	0.000	0.600	0.000	29.999	0.000
那天	None	None	169	55	3	8	2	329.720	33.617	0.800	0.500	29.854	0.001
故事	None	None	170	43	1	7	1	257.781	11.206	0.700	0.250	29.419	0.001
北京	None	None	171	72	7	8	2	431.634	78.439	0.800	0.500	29.181	0.001
表达	None	None	172	34	0	10	0	203.827	0.000	1.000	0.000	29.142	0.000
为	None	None	173	63	5	10	3	377.680	56.028	1.000	0.750	28.817	0.001
现在	None	None	174	443	145	10	4	2655.748	1624.814	1.000	1.000	28.528	0.005
想到	None	None	175	58	4	9	2	347.705	44.822	0.900	0.500	28.484	0.001
喝	None	None	176	247	66	9	3	1480.744	739.570	0.900	0.750	28.404	0.003
担心	None	None	177	53	3	9	1	317.731	33.617	0.900	0.250	28.356	0.001
城市	None	None	178	33	0	7	0	197.832	0.000	0.700	0.000	28.285	0.000
词	None	None	178	33	0	8	0	197.832	0.000	0.800	0.000	28.285	0.000
蝎子	None	None	178	33	0	4	0	197.832	0.000	0.400	0.000	28.285	0.000
一般	None	None	181	96	14	10	4	575.512	156.879	1.000	1.000	27.943	0.001
那些	None	None	182	115	20	10	3	689.415	224.112	1.000	0.750	27.474	0.001
牛排	None	None	183	32	0	5	0	191.837	0.000	0.500	0.000	27.428	0.000
无法	None	None	183	32	0	7	0	191.837	0.000	0.700	0.000	27.428	0.000
之间	None	None	183	32	0	10	0	191.837	0.000	1.000	0.000	27.428	0.000
企业	None	None	183	32	0	6	0	191.837	0.000	0.600	0.000	27.428	0.000
道理	None	None	183	32	0	8	0	191.837	0.000	0.800	0.000	27.428	0.000
大部分	None	None	183	32	0	7	0	191.837	0.000	0.700	0.000	27.428	0.000
如此	None	None	183	32	0	10	0	191.837	0.000	1.000	0.000	27.428	0.000
小黄车	None	None	183	32	0	6	0	191.837	0.000	0.600	0.000	27.428	0.000
山东	None	None	183	32	0	7	0	191.837	0.000	0.700	0.000	27.428	0.000
黄河	None	None	183	32	0	6	0	191.837	0.000	0.600	0.000	27.428	0.000
来自	None	None	183	32	0	7	0	191.837	0.000	0.700	0.000	27.428	0.000
块	None	None	194	160	35	10	3	959.187	392.196	1.000	0.750	27.389	0.002
可能	None	None	195	305	90	10	4	1828.449	1008.505	1.000	1.000	27.201	0.004
学	None	None	196	46	2	7	2	275.766	22.411	0.700	0.500	27.016	0.001
口感	None	None	196	46	2	10	2	275.766	22.411	1.000	0.500	27.016	0.001
文化	None	None	198	40	1	7	1	239.797	11.206	0.700	0.250	26.991	0.000
天	None	None	199	198	49	10	3	1186.993	549.075	1.000	0.750	26.929	0.002
好吃	None	None	200	156	34	10	2	935.207	380.991	1.000	0.500	26.870	0.002
了	None	None	201	4050	1881	10	4	24279.411	21077.756	1.000	1.000	26.724	0.047
提醒	None	None	202	31	0	8	0	185.842	0.000	0.800	0.000	26.571	0.000
精神	None	None	202	31	0	6	0	185.842	0.000	0.600	0.000	26.571	0.000
潇潇	None	None	202	31	0	3	0	185.842	0.000	0.300	0.000	26.571	0.000
喊	None	None	205	45	2	5	1	269.771	22.411	0.500	0.250	26.245	0.001
平常	None	None	205	45	2	9	2	269.771	22.411	0.900	0.500	26.245	0.001
被	None	None	207	142	30	10	4	851.278	336.168	1.000	1.000	25.747	0.002
烧	None	None	208	30	0	9	0	179.847	0.000	0.900	0.000	25.713	0.000
河南	None	None	208	30	0	8	0	179.847	0.000	0.800	0.000	25.713	0.000
苏东坡	None	None	208	30	0	3	0	179.847	0.000	0.300	0.000	25.713	0.000
诗词	None	None	208	30	0	6	0	179.847	0.000	0.600	0.000	25.713	0.000
人们	None	None	208	30	0	6	0	179.847	0.000	0.600	0.000	25.713	0.000
时代	None	None	213	29	0	4	0	173.853	0.000	0.400	0.000	24.856	0.000
句子	None	None	213	29	0	3	0	173.853	0.000	0.300	0.000	24.856	0.000
曾国藩	None	None	213	29	0	2	0	173.853	0.000	0.200	0.000	24.856	0.000
聪明	None	None	213	29	0	7	0	173.853	0.000	0.700	0.000	24.856	0.000
基本	None	None	213	29	0	8	0	173.853	0.000	0.800	0.000	24.856	0.000
比如	None	None	218	37	1	8	1	221.812	11.206	0.800	0.250	24.573	0.000
哪儿	None	None	218	37	1	8	1	221.812	11.206	0.800	0.250	24.573	0.000
一生	None	None	220	28	0	7	0	167.858	0.000	0.700	0.000	23.999	0.000
知识	None	None	220	28	0	6	0	167.858	0.000	0.600	0.000	23.999	0.000
炖	None	None	220	28	0	6	0	167.858	0.000	0.600	0.000	23.999	0.000
将	None	None	220	28	0	8	0	167.858	0.000	0.800	0.000	23.999	0.000
西安	None	None	220	28	0	9	0	167.858	0.000	0.900	0.000	23.999	0.000
大米	None	None	220	28	0	3	0	167.858	0.000	0.300	0.000	23.999	0.000
度	None	None	226	56	5	6	3	335.715	56.028	0.600	0.750	23.947	0.001
岁	None	None	227	71	9	6	2	425.639	100.851	0.600	0.500	23.556	0.001
鸡	None	None	228	27	0	7	0	161.863	0.000	0.700	0.000	23.142	0.000
信	None	None	228	27	0	8	0	161.863	0.000	0.800	0.000	23.142	0.000
馍	None	None	228	27	0	3	0	161.863	0.000	0.300	0.000	23.142	0.000
一路	None	None	228	27	0	7	0	161.863	0.000	0.700	0.000	23.142	0.000
足够	None	None	228	27	0	10	0	161.863	0.000	1.000	0.000	23.142	0.000
老家	None	None	228	27	0	7	0	161.863	0.000	0.700	0.000	23.142	0.000
块儿	None	None	228	27	0	7	0	161.863	0.000	0.700	0.000	23.142	0.000
沙棘	None	None	228	27	0	2	0	161.863	0.000	0.200	0.000	23.142	0.000
汤	None	None	228	27	0	7	0	161.863	0.000	0.700	0.000	23.142	0.000
平遥	None	None	228	27	0	4	0	161.863	0.000	0.400	0.000	23.142	0.000
发现	None	None	238	155	37	10	3	929.212	414.608	1.000	0.750	22.648	0.002
菜	None	None	239	40	2	8	1	239.797	22.411	0.800	0.250	22.420	0.000
没事	None	None	239	40	2	8	2	239.797	22.411	0.800	0.500	22.420	0.000
没事儿	None	None	239	40	2	8	1	239.797	22.411	0.800	0.250	22.420	0.000
生活	None	None	242	83	13	9	3	497.578	145.673	0.900	0.750	22.409	0.001
五千	None	None	243	26	0	3	0	155.868	0.000	0.300	0.000	22.285	0.000
人间	None	None	243	26	0	5	0	155.868	0.000	0.500	0.000	22.285	0.000
稍等	None	None	243	26	0	3	0	155.868	0.000	0.300	0.000	22.285	0.000
又	None	None	246	248	73	10	4	1486.739	818.010	1.000	1.000	22.265	0.003
那样	None	None	247	34	1	9	1	203.827	11.206	0.900	0.250	22.168	0.000
姓	None	None	247	34	1	5	1	203.827	11.206	0.500	0.250	22.168	0.000
嘶	None	None	247	34	1	7	1	203.827	11.206	0.700	0.250	22.168	0.000
继续	None	None	250	44	3	8	1	263.776	33.617	0.800	0.250	21.724	0.001
