Type	POS	Headword	Rank	Freq_Tar	Freq_Ref	Range_Tar	Range_Ref	NormFreq_Tar	NormFreq_Ref	NormRange_Tar	NormRange_Ref	Keyness (Likelihood)	Keyness (Effect)
颜色	None	None	1	429	20	4	7	4807.207	119.898	1.000	0.700	759.230	0.010
好不	None	None	2	391	17	4	6	4381.394	101.914	1.000	0.600	698.551	0.009
女生	None	None	3	291	2	4	2	3260.833	11.990	1.000	0.200	591.839	0.007
真的	None	None	4	620	191	4	10	6947.479	1145.029	1.000	1.000	587.286	0.014
哦	None	None	5	553	150	4	8	6196.703	899.237	1.000	0.800	567.095	0.012
佳琦	None	None	6	234	0	4	0	2622.113	0.000	1.000	0.000	493.685	0.005
支	None	None	7	249	4	4	4	2790.197	23.980	1.000	0.400	487.667	0.006
你们	None	None	8	632	258	4	10	7081.947	1546.688	1.000	1.000	483.548	0.014
美眉们	None	None	9	228	0	4	0	2554.879	0.000	1.000	0.000	481.017	0.005
送	None	None	10	296	34	4	7	3316.861	203.827	1.000	0.700	434.773	0.007
毫升	None	None	11	217	10	2	4	2431.618	59.949	0.500	0.400	384.346	0.005
会	None	None	12	793	502	4	10	8886.050	3009.448	1.000	1.000	374.649	0.018
来	None	None	13	784	496	4	10	8785.200	2973.478	1.000	1.000	370.690	0.017
所有	None	None	14	248	41	4	9	2778.992	245.792	1.000	0.900	322.290	0.006
咯	None	None	15	176	8	4	3	1972.188	47.959	1.000	0.300	312.275	0.004
好	None	None	16	1003	821	4	10	11239.229	4921.826	1.000	1.000	309.947	0.022
口红	None	None	17	145	0	4	0	1624.814	0.000	1.000	0.000	305.822	0.003
面膜	None	None	18	142	0	2	0	1591.197	0.000	0.500	0.000	299.491	0.003
优惠券	None	None	19	145	1	3	1	1624.814	5.995	0.750	0.100	294.717	0.003
买	None	None	20	673	463	4	10	7541.377	2775.646	1.000	1.000	281.078	0.015
瓶	None	None	21	274	76	3	6	3070.338	455.614	0.750	0.600	276.854	0.006
多多	None	None	22	140	4	3	3	1568.786	23.980	0.750	0.300	262.139	0.003
只	None	None	23	290	103	4	10	3249.627	617.476	1.000	1.000	247.887	0.006
号色	None	None	24	117	0	4	0	1311.057	0.000	1.000	0.000	246.743	0.003
我们	None	None	25	1224	1211	4	10	13715.669	7259.844	1.000	1.000	245.040	0.027
精华	None	None	26	124	2	2	2	1389.496	11.990	0.500	0.200	242.683	0.003
皮肤	None	None	27	137	7	4	2	1535.169	41.964	1.000	0.200	238.944	0.003
块钱	None	None	28	271	94	4	9	3036.721	563.522	1.000	0.900	235.765	0.006
家	None	None	29	217	53	4	8	2431.618	317.731	1.000	0.800	235.711	0.005
里面	None	None	30	214	52	4	8	2398.001	311.736	1.000	0.800	233.091	0.005
好看	None	None	31	157	18	4	8	1759.281	107.908	1.000	0.800	230.590	0.004
就是	None	None	32	1218	1235	4	10	13648.435	7403.722	1.000	1.000	227.899	0.027
用	None	None	33	451	274	4	10	5053.731	1642.607	1.000	1.000	224.833	0.010
可以	None	None	34	819	721	4	10	9177.396	4322.335	1.000	1.000	217.159	0.018
直播间	None	None	35	259	95	4	9	2902.253	569.517	1.000	0.900	215.935	0.006
诶	None	None	36	101	0	4	0	1131.767	0.000	1.000	0.000	212.988	0.002
抢	None	None	37	102	1	3	1	1142.972	5.995	0.750	0.100	204.694	0.002
帮	None	None	38	144	20	4	10	1613.608	119.898	1.000	1.000	199.210	0.003
产品	None	None	39	212	67	3	9	2375.590	401.659	0.750	0.900	196.962	0.005
一点点	None	None	40	149	27	4	9	1669.636	161.863	1.000	0.900	186.514	0.003
肌肤	None	None	41	93	1	3	1	1042.122	5.995	0.750	0.100	185.893	0.002
铺价	None	None	42	88	0	2	0	986.094	0.000	0.500	0.000	185.566	0.002
款	None	None	43	153	30	4	7	1714.459	179.847	1.000	0.700	185.095	0.003
的	None	None	44	5322	7854	4	10	59636.266	47084.073	1.000	1.000	183.817	0.104
涂	None	None	45	89	1	4	1	997.299	5.995	1.000	0.100	177.543	0.002
关注	None	None	46	150	33	4	7	1680.842	197.832	1.000	0.700	171.907	0.003
活动	None	None	47	86	1	3	1	963.683	5.995	0.750	0.100	171.283	0.002
红色	None	None	48	108	10	4	6	1210.206	59.949	1.000	0.600	167.828	0.002
跟	None	None	49	448	332	4	10	5020.114	1990.312	1.000	1.000	165.491	0.010
很	None	None	50	789	772	4	10	8841.228	4628.075	1.000	1.000	162.118	0.017
李佳琦	None	None	51	76	0	4	0	851.626	0.000	1.000	0.000	160.254	0.002
成分	None	None	52	80	2	3	2	896.449	11.990	0.750	0.200	151.599	0.002
数量	None	None	53	92	8	2	4	1030.916	47.959	0.500	0.400	145.100	0.002
没有	None	None	54	618	575	4	10	6925.068	3447.077	1.000	1.000	143.991	0.014
填	None	None	55	79	3	2	2	885.243	17.985	0.500	0.200	143.414	0.002
品牌	None	None	56	120	25	4	5	1344.673	149.873	1.000	0.500	141.165	0.003
支持	None	None	57	109	19	4	7	1221.412	113.903	1.000	0.700	138.616	0.002
加好	None	None	58	70	1	2	1	784.393	5.995	0.500	0.100	137.945	0.002
力度	None	None	59	71	2	2	2	795.598	11.990	0.500	0.200	133.088	0.002
它	None	None	60	940	1047	4	10	10533.275	6276.677	1.000	1.000	131.165	0.021
天猫店	None	None	61	62	0	2	0	694.748	0.000	0.500	0.000	130.728	0.001
手价	None	None	62	61	0	3	0	683.542	0.000	0.750	0.000	128.619	0.001
包包	None	None	63	63	1	4	1	705.954	5.995	1.000	0.100	123.391	0.001
以及	None	None	64	95	16	3	7	1064.533	95.919	0.750	0.700	122.476	0.002
哑光	None	None	65	58	0	4	0	649.925	0.000	1.000	0.000	122.292	0.001
喽	None	None	66	62	1	3	1	694.748	5.995	0.750	0.100	121.314	0.001
的话	None	None	67	237	141	4	10	2655.730	845.283	1.000	1.000	121.275	0.005
头发	None	None	68	81	9	2	5	907.655	53.954	0.500	0.500	119.993	0.002
一定	None	None	69	147	56	4	9	1647.225	335.715	1.000	0.900	118.844	0.003
眼膜	None	None	70	56	0	2	0	627.514	0.000	0.500	0.000	118.074	0.001
加货	None	None	71	65	3	3	2	728.365	17.985	0.750	0.200	115.033	0.001
要	None	None	72	506	479	4	10	5670.040	2871.565	1.000	1.000	112.901	0.011
美眉	None	None	73	52	0	4	0	582.692	0.000	1.000	0.000	109.639	0.001
娇兰	None	None	73	52	0	3	0	582.692	0.000	0.750	0.000	109.639	0.001
晚上	None	None	75	219	134	4	10	2454.029	803.319	1.000	1.000	107.976	0.005
双	None	None	76	55	1	3	1	616.309	5.995	0.750	0.100	106.789	0.001
领元	None	None	77	50	0	3	0	560.281	0.000	0.750	0.000	105.421	0.001
洗发水	None	None	78	48	0	2	0	537.869	0.000	0.500	0.000	101.204	0.001
色	None	None	79	55	2	4	2	616.309	11.990	1.000	0.200	100.350	0.001
按钮	None	None	80	44	0	3	0	493.047	0.000	0.750	0.000	92.769	0.001
套	None	None	81	89	24	3	5	997.299	143.878	0.750	0.500	91.363	0.002
详情	None	None	82	50	2	2	2	560.281	11.990	0.500	0.200	90.180	0.001
大家	None	None	83	918	1127	4	10	10286.752	6756.271	1.000	1.000	88.248	0.020
正	None	None	84	65	10	4	5	728.365	59.949	1.000	0.500	86.719	0.001
嘴巴	None	None	85	41	0	4	0	459.430	0.000	1.000	0.000	86.443	0.001
系列	None	None	86	48	2	4	2	537.869	11.990	1.000	0.200	86.122	0.001
他们	None	None	87	401	389	4	10	4493.450	2332.022	1.000	1.000	84.006	0.009
美白	None	None	88	39	0	2	0	437.019	0.000	0.500	0.000	82.225	0.001
下面	None	None	89	84	25	2	7	941.271	149.873	0.500	0.700	81.147	0.002
是的	None	None	90	143	80	4	8	1602.402	479.593	1.000	0.800	78.989	0.003
元	None	None	91	57	8	2	3	638.720	47.959	0.500	0.300	78.544	0.001
正装	None	None	92	36	0	2	0	403.402	0.000	0.500	0.000	75.899	0.001
面霜	None	None	92	36	0	2	0	403.402	0.000	0.500	0.000	75.899	0.001
而且	None	None	94	198	144	4	10	2218.711	863.268	1.000	1.000	75.367	0.004
液体	None	None	95	45	3	2	2	504.253	17.985	0.500	0.200	75.003	0.001
眉笔	None	None	96	35	0	2	0	392.196	0.000	0.500	0.000	73.791	0.001
包装	None	None	97	84	29	4	5	941.271	173.853	1.000	0.500	73.256	0.002
一	None	None	98	1090	1448	4	10	12214.117	8680.639	1.000	1.000	71.776	0.024
明星	None	None	99	34	0	4	0	380.991	0.000	1.000	0.000	71.682	0.001
欧莱雅	None	None	99	34	0	2	0	380.991	0.000	0.500	0.000	71.682	0.001
粉底液	None	None	99	34	0	2	0	380.991	0.000	0.500	0.000	71.682	0.001
化妆蛋	None	None	99	34	0	1	0	380.991	0.000	0.250	0.000	71.682	0.001
一下	None	None	103	417	436	4	10	4672.740	2613.784	1.000	1.000	70.895	0.009
男生	None	None	104	40	2	3	2	448.224	11.990	0.750	0.200	69.966	0.001
防晒	None	None	105	37	1	2	1	414.608	5.995	0.500	0.100	69.616	0.001
同款	None	None	105	37	1	2	1	414.608	5.995	0.500	0.100	69.616	0.001
福利	None	None	107	33	0	2	0	369.785	0.000	0.500	0.000	69.574	0.001
红	None	None	108	66	17	4	7	739.570	101.914	1.000	0.700	69.561	0.001
上方	None	None	109	42	3	3	3	470.636	17.985	0.750	0.300	69.078	0.001
相当于	None	None	110	61	14	2	4	683.542	83.929	0.500	0.400	68.408	0.001
觉得	None	None	111	231	193	4	10	2588.496	1157.019	1.000	1.000	68.113	0.005
备注	None	None	112	32	0	2	0	358.580	0.000	0.500	0.000	67.465	0.001
底妆	None	None	112	32	0	2	0	358.580	0.000	0.500	0.000	67.465	0.001
直接	None	None	114	156	105	4	10	1748.075	629.466	1.000	1.000	67.127	0.003
好用	None	None	115	41	3	4	1	459.430	17.985	1.000	0.100	67.109	0.001
上去	None	None	116	47	6	4	4	526.664	35.969	1.000	0.400	66.799	0.001
厉害	None	None	117	43	4	4	3	481.841	23.980	1.000	0.300	66.727	0.001
眉毛	None	None	118	35	1	1	1	392.196	5.995	0.250	0.100	65.509	0.001
芳丝	None	None	119	31	0	1	0	347.374	0.000	0.250	0.000	65.357	0.001
修复	None	None	120	30	0	2	0	336.168	0.000	0.500	0.000	63.248	0.001
下架	None	None	120	30	0	3	0	336.168	0.000	0.750	0.000	63.248	0.001
鸭脖	None	None	120	30	0	2	0	336.168	0.000	0.500	0.000	63.248	0.001
穿	None	None	123	69	23	4	7	773.187	137.883	1.000	0.700	61.722	0.002
颗	None	None	124	57	14	2	6	638.720	83.929	0.500	0.600	61.677	0.001
这样子	None	None	125	54	12	4	6	605.103	71.939	1.000	0.600	61.550	0.001
拿到	None	None	126	33	1	4	1	369.785	5.995	1.000	0.100	61.408	0.001
芙丽	None	None	127	29	0	1	0	324.963	0.000	0.250	0.000	61.140	0.001
睫毛	None	None	127	29	0	1	0	324.963	0.000	0.250	0.000	61.140	0.001
秒杀	None	None	127	29	0	2	0	324.963	0.000	0.500	0.000	61.140	0.001
一个	None	None	130	832	1086	4	10	9323.069	6510.479	1.000	1.000	59.947	0.018
舒服	None	None	131	61	18	4	8	683.542	107.908	1.000	0.800	59.245	0.001
老公	None	None	132	28	0	3	0	313.757	0.000	0.750	0.000	59.031	0.001
日本	None	None	132	28	0	3	0	313.757	0.000	0.750	0.000	59.031	0.001
盒	None	None	134	110	63	2	8	1232.617	377.680	0.500	0.800	59.025	0.002
推荐	None	None	135	97	50	4	8	1086.944	299.746	1.000	0.800	58.879	0.002
张	None	None	136	63	20	3	8	705.954	119.898	0.750	0.800	58.305	0.001
超级	None	None	137	36	3	4	2	403.402	17.985	1.000	0.200	57.317	0.001
大牌	None	None	138	27	0	4	0	302.552	0.000	1.000	0.000	56.923	0.001
踢人	None	None	138	27	0	2	0	302.552	0.000	0.500	0.000	56.923	0.001
请	None	None	140	95	50	4	10	1064.533	299.746	1.000	1.000	56.338	0.002
化妆	None	None	141	33	2	3	2	369.785	11.990	0.750	0.200	55.955	0.001
谢谢	None	None	142	258	247	4	10	2891.048	1480.744	1.000	1.000	55.847	0.006
眼罩	None	None	143	26	0	1	0	291.346	0.000	0.250	0.000	54.814	0.001
质地	None	None	144	32	2	3	2	358.580	11.990	0.750	0.200	53.966	0.001
等下	None	None	145	29	1	4	1	324.963	5.995	1.000	0.100	53.228	0.001
修丽	None	None	146	25	0	2	0	280.140	0.000	0.500	0.000	52.706	0.001
喜欢	None	None	147	221	204	4	10	2476.440	1222.963	1.000	1.000	52.315	0.005
饺子	None	None	148	42	8	2	4	470.636	47.959	0.500	0.400	51.438	0.001
打分	None	None	149	24	0	1	0	268.935	0.000	0.250	0.000	50.598	0.001
阿玛尼	None	None	149	24	0	3	0	268.935	0.000	0.750	0.000	50.598	0.001
货	None	None	151	67	28	4	6	750.776	167.858	1.000	0.600	50.053	0.001
鞋	None	None	152	30	2	2	2	336.168	11.990	0.500	0.200	49.999	0.001
轻轻	None	None	153	27	1	2	1	302.552	5.995	0.500	0.100	49.151	0.001
雅诗兰	None	None	154	23	0	2	0	257.729	0.000	0.500	0.000	48.489	0.001
张元	None	None	154	23	0	2	0	257.729	0.000	0.500	0.000	48.489	0.001
刷子	None	None	154	23	0	4	0	257.729	0.000	1.000	0.000	48.489	0.001
直播	None	None	157	82	44	3	9	918.860	263.776	0.750	0.900	47.563	0.002
内裤	None	None	158	26	1	2	1	291.346	5.995	0.500	0.100	47.117	0.001
划算	None	None	159	36	6	2	4	403.402	35.969	0.500	0.400	46.590	0.001
斑点	None	None	160	22	0	2	0	246.523	0.000	0.500	0.000	46.381	0.000
面奶	None	None	160	22	0	2	0	246.523	0.000	0.500	0.000	46.381	0.000
肤色	None	None	160	22	0	3	0	246.523	0.000	0.750	0.000	46.381	0.000
保湿	None	None	160	22	0	2	0	246.523	0.000	0.500	0.000	46.381	0.000
旺旺	None	None	160	22	0	2	0	246.523	0.000	0.500	0.000	46.381	0.000
新款	None	None	160	22	0	4	0	246.523	0.000	1.000	0.000	46.381	0.000
蛋糕	None	None	160	22	0	3	0	246.523	0.000	0.750	0.000	46.381	0.000
眼霜	None	None	160	22	0	2	0	246.523	0.000	0.500	0.000	46.381	0.000
提亮	None	None	160	22	0	2	0	246.523	0.000	0.500	0.000	46.381	0.000
爆炸	None	None	169	28	2	4	2	313.757	11.990	1.000	0.200	46.049	0.001
感觉	None	None	170	146	118	4	10	1636.019	707.400	1.000	1.000	45.952	0.003
超好	None	None	171	30	3	3	2	336.168	17.985	0.750	0.200	45.713	0.001
日记	None	None	172	25	1	3	1	280.140	5.995	0.750	0.100	45.086	0.001
盘	None	None	173	35	6	2	4	392.196	35.969	0.500	0.400	44.794	0.001
头顶	None	None	174	41	10	3	5	459.430	59.949	0.750	0.500	44.529	0.001
线粉	None	None	175	21	0	2	0	235.318	0.000	0.500	0.000	44.272	0.000
发际	None	None	175	21	0	2	0	235.318	0.000	0.500	0.000	44.272	0.000
赠品	None	None	175	21	0	2	0	235.318	0.000	0.500	0.000	44.272	0.000
喷雾	None	None	175	21	0	2	0	235.318	0.000	0.500	0.000	44.272	0.000
开链	None	None	175	21	0	2	0	235.318	0.000	0.500	0.000	44.272	0.000
迪奥	None	None	175	21	0	2	0	235.318	0.000	0.500	0.000	44.272	0.000
遮瑕	None	None	175	21	0	3	0	235.318	0.000	0.750	0.000	44.272	0.000
下滑	None	None	175	21	0	2	0	235.318	0.000	0.500	0.000	44.272	0.000
优惠	None	None	183	50	17	3	6	560.281	101.914	0.750	0.600	44.088	0.001
可爱	None	None	184	27	2	2	2	302.552	11.990	0.500	0.200	44.081	0.001
啦	None	None	185	91	57	4	9	1019.711	341.710	1.000	0.900	43.421	0.002
说真的	None	None	186	24	1	4	1	268.935	5.995	1.000	0.100	43.057	0.001
我	None	None	187	2238	3507	4	10	25078.159	21024.172	1.000	1.000	42.856	0.047
价格	None	None	188	81	47	3	10	907.655	281.761	0.750	1.000	42.752	0.002
高光	None	None	189	20	0	3	0	224.112	0.000	0.750	0.000	42.164	0.000
美妆	None	None	189	20	0	3	0	224.112	0.000	0.750	0.000	42.164	0.000
痘印	None	None	189	20	0	2	0	224.112	0.000	0.500	0.000	42.164	0.000
睫毛膏	None	None	189	20	0	2	0	224.112	0.000	0.500	0.000	42.164	0.000
折	None	None	193	26	2	2	1	291.346	11.990	0.500	0.100	42.118	0.001
帮助	None	None	194	38	9	2	4	425.813	53.954	0.500	0.400	41.920	0.001
完全	None	None	195	48	17	4	6	537.869	101.914	1.000	0.600	41.062	0.001
页	None	None	196	36	8	2	5	403.402	47.959	0.500	0.500	41.030	0.001
天猫	None	None	197	25	2	2	1	280.140	11.990	0.500	0.100	40.161	0.001
油皮	None	None	198	19	0	2	0	212.907	0.000	0.500	0.000	40.056	0.000
精华液	None	None	198	19	0	1	0	212.907	0.000	0.250	0.000	40.056	0.000
美少女	None	None	198	19	0	1	0	212.907	0.000	0.250	0.000	40.056	0.000
香水	None	None	198	19	0	3	0	212.907	0.000	0.750	0.000	40.056	0.000
朗仕	None	None	198	19	0	1	0	212.907	0.000	0.250	0.000	40.056	0.000
喏	None	None	198	19	0	4	0	212.907	0.000	1.000	0.000	40.056	0.000
兰蔻	None	None	198	19	0	2	0	212.907	0.000	0.500	0.000	40.056	0.000
试	None	None	205	41	12	4	6	459.430	71.939	1.000	0.600	40.023	0.001
高级	None	None	206	32	6	4	5	358.580	35.969	1.000	0.500	39.458	0.001
绝对	None	None	206	32	6	4	3	358.580	35.969	1.000	0.300	39.458	0.001
做	None	None	208	211	215	4	10	2364.384	1288.907	1.000	1.000	38.609	0.005
护肤	None	None	209	18	0	3	0	201.701	0.000	0.750	0.000	37.947	0.000
冻干	None	None	209	18	0	1	0	201.701	0.000	0.250	0.000	37.947	0.000
破价	None	None	209	18	0	2	0	201.701	0.000	0.500	0.000	37.947	0.000
红茶	None	None	209	18	0	1	0	201.701	0.000	0.250	0.000	37.947	0.000
蛇	None	None	209	18	0	1	0	201.701	0.000	0.250	0.000	37.947	0.000
卡诗	None	None	209	18	0	1	0	201.701	0.000	0.250	0.000	37.947	0.000
马桶	None	None	209	18	0	2	0	201.701	0.000	0.500	0.000	37.947	0.000
城野	None	None	209	18	0	2	0	201.701	0.000	0.500	0.000	37.947	0.000
娇韵	None	None	209	18	0	2	0	201.701	0.000	0.500	0.000	37.947	0.000
礼物	None	None	218	29	5	2	3	324.963	29.975	0.500	0.300	37.029	0.001
那种	None	None	219	230	245	4	9	2577.291	1468.754	1.000	0.900	36.886	0.005
这边	None	None	220	45	17	4	6	504.253	101.914	1.000	0.600	36.606	0.001
再	None	None	221	348	419	4	10	3899.553	2511.870	1.000	1.000	36.114	0.008
女	None	None	222	33	8	4	4	369.785	47.959	1.000	0.400	35.956	0.001
接下滑	None	None	223	17	0	2	0	190.495	0.000	0.500	0.000	35.839	0.000
优色	None	None	223	17	0	1	0	190.495	0.000	0.250	0.000	35.839	0.000
发际线	None	None	223	17	0	2	0	190.495	0.000	0.500	0.000	35.839	0.000
投票	None	None	223	17	0	1	0	190.495	0.000	0.250	0.000	35.839	0.000
洁面	None	None	223	17	0	2	0	190.495	0.000	0.500	0.000	35.839	0.000
按摩	None	None	223	17	0	1	0	190.495	0.000	0.250	0.000	35.839	0.000
精油	None	None	223	17	0	4	0	190.495	0.000	1.000	0.000	35.839	0.000
今天	None	None	230	229	246	4	10	2566.085	1474.749	1.000	1.000	35.768	0.005
套装	None	None	231	20	1	3	1	224.112	5.995	0.750	0.100	34.980	0.000
什么	None	None	232	282	325	4	10	3159.983	1948.348	1.000	1.000	34.667	0.006
随机	None	None	233	22	2	2	1	246.523	11.990	0.500	0.100	34.326	0.000
两	None	None	234	312	371	4	10	3496.151	2224.114	1.000	1.000	34.038	0.007
粉底	None	None	235	16	0	3	0	179.290	0.000	0.750	0.000	33.731	0.000
付	None	None	235	16	0	1	0	179.290	0.000	0.250	0.000	33.731	0.000
酰胺	None	None	235	16	0	2	0	179.290	0.000	0.500	0.000	33.731	0.000
干皮	None	None	235	16	0	2	0	179.290	0.000	0.500	0.000	33.731	0.000
眼周	None	None	235	16	0	2	0	179.290	0.000	0.500	0.000	33.731	0.000
投影仪	None	None	235	16	0	2	0	179.290	0.000	0.500	0.000	33.731	0.000
哈根达斯	None	None	235	16	0	2	0	179.290	0.000	0.500	0.000	33.731	0.000
护发素	None	None	235	16	0	2	0	179.290	0.000	0.500	0.000	33.731	0.000
巨好	None	None	235	16	0	4	0	179.290	0.000	1.000	0.000	33.731	0.000
三明	None	None	235	16	0	2	0	179.290	0.000	0.500	0.000	33.731	0.000
炸弹	None	None	235	16	0	2	0	179.290	0.000	0.500	0.000	33.731	0.000
猫店	None	None	235	16	0	2	0	179.290	0.000	0.500	0.000	33.731	0.000
男士	None	None	247	23	3	2	1	257.729	17.985	0.500	0.100	32.463	0.001
片	None	None	248	45	20	2	8	504.253	119.898	0.500	0.800	31.771	0.001
减钱	None	None	249	15	0	3	0	168.084	0.000	0.750	0.000	31.622	0.000
眼影	None	None	249	15	0	2	0	168.084	0.000	0.500	0.000	31.622	0.000
三明治	None	None	249	15	0	1	0	168.084	0.000	0.250	0.000	31.622	0.000
小妖	None	None	249	15	0	2	0	168.084	0.000	0.500	0.000	31.622	0.000
眉们	None	None	249	15	0	2	0	168.084	0.000	0.500	0.000	31.622	0.000
饼干	None	None	249	15	0	2	0	168.084	0.000	0.500	0.000	31.622	0.000
治机	None	None	249	15	0	2	0	168.084	0.000	0.500	0.000	31.622	0.000
棕色	None	None	249	15	0	2	0	168.084	0.000	0.500	0.000	31.622	0.000
精口	None	None	249	15	0	2	0	168.084	0.000	0.500	0.000	31.622	0.000
完美	None	None	258	30	8	3	3	336.168	47.959	0.750	0.300	30.989	0.001
毒	None	None	259	18	1	1	1	201.701	5.995	0.250	0.100	30.969	0.000
蛮	None	None	259	18	1	3	1	201.701	5.995	0.750	0.100	30.969	0.000
医生	None	None	259	18	1	2	1	201.701	5.995	0.500	0.100	30.969	0.000
想要	None	None	262	64	40	4	9	717.159	239.797	1.000	0.900	30.625	0.001
敷	None	None	263	22	3	2	1	246.523	17.985	0.500	0.100	30.605	0.000
给到	None	None	264	20	2	3	2	224.112	11.990	0.750	0.200	30.474	0.000
玫瑰	None	None	265	25	5	2	1	280.140	29.975	0.500	0.100	29.957	0.001
伊斯汀	None	None	266	14	0	1	0	156.879	0.000	0.250	0.000	29.514	0.000
局部	None	None	266	14	0	2	0	156.879	0.000	0.500	0.000	29.514	0.000
鞋子	None	None	266	14	0	2	0	156.879	0.000	0.500	0.000	29.514	0.000
奶盖	None	None	266	14	0	2	0	156.879	0.000	0.500	0.000	29.514	0.000
宝纸	None	None	266	14	0	1	0	156.879	0.000	0.250	0.000	29.514	0.000
贵妇	None	None	266	14	0	3	0	156.879	0.000	0.750	0.000	29.514	0.000
特别是	None	None	266	14	0	3	0	156.879	0.000	0.750	0.000	29.514	0.000
聚焦	None	None	266	14	0	3	0	156.879	0.000	0.750	0.000	29.514	0.000
痘痘	None	None	266	14	0	2	0	156.879	0.000	0.500	0.000	29.514	0.000
绿宝瓶	None	None	266	14	0	1	0	156.879	0.000	0.250	0.000	29.514	0.000
抠	None	None	266	14	0	2	0	156.879	0.000	0.500	0.000	29.514	0.000
法国	None	None	266	14	0	2	0	156.879	0.000	0.500	0.000	29.514	0.000
战士	None	None	266	14	0	1	0	156.879	0.000	0.250	0.000	29.514	0.000
洗面奶	None	None	266	14	0	2	0	156.879	0.000	0.500	0.000	29.514	0.000
店	None	None	280	23	4	2	4	257.729	23.980	0.500	0.400	29.265	0.001
漂亮	None	None	281	34	12	4	6	380.991	71.939	1.000	0.600	29.159	0.001
全部	None	None	282	58	35	3	6	649.925	209.822	0.750	0.600	29.098	0.001
或者是	None	None	283	52	29	4	8	582.692	173.853	1.000	0.800	28.815	0.001
防晒霜	None	None	284	19	2	1	2	212.907	11.990	0.250	0.200	28.561	0.000
原价	None	None	284	19	2	3	1	212.907	11.990	0.750	0.100	28.561	0.000
任何	None	None	286	56	34	4	9	627.514	203.827	1.000	0.900	27.867	0.001
清楚	None	None	287	42	20	3	7	470.636	119.898	0.750	0.700	27.715	0.001
到	None	None	288	352	451	4	10	3944.375	2703.707	1.000	1.000	27.698	0.008
明天	None	None	289	87	70	3	8	974.888	419.644	0.750	0.800	27.609	0.002
根	None	None	290	22	4	2	3	246.523	23.980	0.500	0.300	27.484	0.000
用到	None	None	290	22	4	3	2	246.523	23.980	0.750	0.200	27.484	0.000
香氛	None	None	292	13	0	2	0	145.673	0.000	0.500	0.000	27.406	0.000
最低价	None	None	292	13	0	2	0	145.673	0.000	0.500	0.000	27.406	0.000
晚霜	None	None	292	13	0	2	0	145.673	0.000	0.500	0.000	27.406	0.000
触感	None	None	292	13	0	1	0	145.673	0.000	0.250	0.000	27.406	0.000
隔离	None	None	292	13	0	1	0	145.673	0.000	0.250	0.000	27.406	0.000
油腻	None	None	292	13	0	2	0	145.673	0.000	0.500	0.000	27.406	0.000
烟酰	None	None	292	13	0	2	0	145.673	0.000	0.500	0.000	27.406	0.000
提取	None	None	292	13	0	2	0	145.673	0.000	0.500	0.000	27.406	0.000
雅漾	None	None	292	13	0	1	0	145.673	0.000	0.250	0.000	27.406	0.000
奥	None	None	292	13	0	3	0	145.673	0.000	0.750	0.000	27.406	0.000
店铺	None	None	292	13	0	2	0	145.673	0.000	0.500	0.000	27.406	0.000
超	None	None	292	13	0	4	0	145.673	0.000	1.000	0.000	27.406	0.000
珂润	None	None	292	13	0	1	0	145.673	0.000	0.250	0.000	27.406	0.000
预告	None	None	305	16	1	2	1	179.290	5.995	0.500	0.100	26.981	0.000
老板	None	None	306	32	12	3	4	358.580	71.939	0.750	0.400	26.183	0.001
一点	None	None	307	109	100	4	10	1221.412	599.492	1.000	1.000	26.158	0.002
同事	None	None	308	27	8	3	6	302.552	47.959	0.750	0.600	26.150	0.001
三	None	None	309	111	103	4	10	1243.823	617.476	1.000	1.000	25.925	0.002
喷	None	None	310	24	6	3	3	268.935	35.969	0.750	0.300	25.715	0.001
给	None	None	311	685	996	4	10	7675.844	5970.937	1.000	1.000	25.321	0.015
高端	None	None	312	12	0	2	0	134.467	0.000	0.500	0.000	25.298	0.000
梦妆	None	None	312	12	0	2	0	134.467	0.000	0.500	0.000	25.298	0.000
卸妆	None	None	312	12	0	2	0	134.467	0.000	0.500	0.000	25.298	0.000
加给	None	None	312	12	0	2	0	134.467	0.000	0.500	0.000	25.298	0.000
冰淇淋	None	None	312	12	0	2	0	134.467	0.000	0.500	0.000	25.298	0.000
集团	None	None	312	12	0	2	0	134.467	0.000	0.500	0.000	25.298	0.000
蓬	None	None	312	12	0	1	0	134.467	0.000	0.250	0.000	25.298	0.000
散粉	None	None	312	12	0	4	0	134.467	0.000	1.000	0.000	25.298	0.000
蒸汽	None	None	312	12	0	1	0	134.467	0.000	0.250	0.000	25.298	0.000
抠掉	None	None	312	12	0	1	0	134.467	0.000	0.250	0.000	25.298	0.000
看喏	None	None	312	12	0	4	0	134.467	0.000	1.000	0.000	25.298	0.000
独奏	None	None	312	12	0	2	0	134.467	0.000	0.500	0.000	25.298	0.000
紧致	None	None	312	12	0	2	0	134.467	0.000	0.500	0.000	25.298	0.000
选择	None	None	325	49	29	4	7	549.075	173.853	1.000	0.700	25.212	0.001
领	None	None	326	38	18	3	6	425.813	107.908	0.750	0.600	25.209	0.001
天才	None	None	327	19	3	1	3	212.907	17.985	0.250	0.300	25.101	0.000
补水	None	None	328	15	1	2	1	168.084	5.995	0.500	0.100	24.998	0.000
绿色	None	None	329	22	5	2	4	246.523	29.975	0.500	0.400	24.790	0.000
来看	None	None	330	26	8	4	5	291.346	47.959	1.000	0.500	24.569	0.001
不对	None	None	331	51	32	4	8	571.486	191.837	1.000	0.800	24.271	0.001
号	None	None	332	27	9	4	4	302.552	53.954	1.000	0.400	24.146	0.001
怎么办	None	None	333	18	3	4	2	201.701	17.985	1.000	0.200	23.293	0.000
转转	None	None	334	11	0	1	0	123.262	0.000	0.250	0.000	23.190	0.000
韩束	None	None	334	11	0	1	0	123.262	0.000	0.250	0.000	23.190	0.000
银闪	None	None	334	11	0	1	0	123.262	0.000	0.250	0.000	23.190	0.000
券到	None	None	334	11	0	2	0	123.262	0.000	0.500	0.000	23.190	0.000
橘朵	None	None	334	11	0	2	0	123.262	0.000	0.500	0.000	23.190	0.000
加赠	None	None	334	11	0	2	0	123.262	0.000	0.500	0.000	23.190	0.000
淡斑	None	None	334	11	0	2	0	123.262	0.000	0.500	0.000	23.190	0.000
宠物	None	None	334	11	0	2	0	123.262	0.000	0.500	0.000	23.190	0.000
复活	None	None	334	11	0	2	0	123.262	0.000	0.500	0.000	23.190	0.000
喉糖	None	None	334	11	0	1	0	123.262	0.000	0.250	0.000	23.190	0.000
狗狗	None	None	334	11	0	2	0	123.262	0.000	0.500	0.000	23.190	0.000
爱马仕	None	None	334	11	0	3	0	123.262	0.000	0.750	0.000	23.190	0.000
花束	None	None	334	11	0	2	0	123.262	0.000	0.500	0.000	23.190	0.000
空气霜	None	None	334	11	0	1	0	123.262	0.000	0.250	0.000	23.190	0.000
华夫	None	None	334	11	0	2	0	123.262	0.000	0.500	0.000	23.190	0.000
卫生巾	None	None	334	11	0	2	0	123.262	0.000	0.500	0.000	23.190	0.000
粉	None	None	350	21	5	3	3	235.318	29.975	0.750	0.300	23.100	0.000
杯	None	None	351	37	19	3	7	414.608	113.903	0.750	0.700	22.545	0.001
精灵	None	None	352	22	6	2	2	246.523	35.969	0.500	0.200	22.426	0.000
马上	None	None	353	46	29	3	7	515.458	173.853	0.750	0.700	21.747	0.001
夏天	None	None	354	60	45	3	8	672.337	269.771	0.750	0.800	21.649	0.001
有名	None	None	355	17	3	4	2	190.495	17.985	1.000	0.200	21.501	0.000
画	None	None	356	24	8	4	2	268.935	47.959	1.000	0.200	21.463	0.001
黑色	None	None	357	20	5	3	5	224.112	29.975	0.750	0.500	21.428	0.000
页领	None	None	358	10	0	1	0	112.056	0.000	0.250	0.000	21.081	0.000
拍立	None	None	358	10	0	2	0	112.056	0.000	0.500	0.000	21.081	0.000
泡泡	None	None	358	10	0	3	0	112.056	0.000	0.750	0.000	21.081	0.000
毛戈平	None	None	358	10	0	1	0	112.056	0.000	0.250	0.000	21.081	0.000
毛膏	None	None	358	10	0	1	0	112.056	0.000	0.250	0.000	21.081	0.000
心里话	None	None	358	10	0	3	0	112.056	0.000	0.750	0.000	21.081	0.000
涂抹式	None	None	358	10	0	1	0	112.056	0.000	0.250	0.000	21.081	0.000
新品	None	None	358	10	0	2	0	112.056	0.000	0.500	0.000	21.081	0.000
尾款	None	None	358	10	0	1	0	112.056	0.000	0.250	0.000	21.081	0.000
金条	None	None	358	10	0	1	0	112.056	0.000	0.250	0.000	21.081	0.000
唇	None	None	358	10	0	2	0	112.056	0.000	0.500	0.000	21.081	0.000
升送	None	None	358	10	0	2	0	112.056	0.000	0.500	0.000	21.081	0.000
资生堂	None	None	358	10	0	2	0	112.056	0.000	0.500	0.000	21.081	0.000
钻石	None	None	358	10	0	3	0	112.056	0.000	0.750	0.000	21.081	0.000
黛白金	None	None	358	10	0	1	0	112.056	0.000	0.250	0.000	21.081	0.000
奶泡	None	None	358	10	0	1	0	112.056	0.000	0.250	0.000	21.081	0.000
立减	None	None	358	10	0	2	0	112.056	0.000	0.500	0.000	21.081	0.000
台	None	None	375	13	1	1	1	145.673	5.995	0.250	0.100	21.058	0.000
巧克力	None	None	376	15	2	3	2	168.084	11.990	0.750	0.200	21.021	0.000
吸收	None	None	376	15	2	2	1	168.084	11.990	0.500	0.100	21.021	0.000
遮	None	None	376	15	2	1	2	168.084	11.990	0.250	0.200	21.021	0.000
十一	None	None	376	15	2	3	1	168.084	11.990	0.750	0.100	21.021	0.000
猫	None	None	380	21	6	2	3	235.318	35.969	0.500	0.300	20.810	0.000
哇	None	None	381	79	70	4	10	885.243	419.644	1.000	1.000	20.529	0.002
贵	None	None	382	63	50	4	9	705.954	299.746	1.000	0.900	20.517	0.001
往下	None	None	383	18	4	2	3	201.701	23.980	0.500	0.300	20.513	0.000
花	None	None	384	51	36	4	7	571.486	215.817	1.000	0.700	20.364	0.001
只有	None	None	385	99	97	4	10	1109.356	581.507	1.000	1.000	20.154	0.002
最	None	None	386	96	93	4	10	1075.739	557.527	1.000	1.000	20.133	0.002
